20140425	65
20140321	65
20140217	65
20140113	65
20140421	65
20140317	65
20140213	65
20140109	65
20140418	65
20140314	65
20140210	65
20140106	65
20140414	65
20140310	65
20140206	65
20140128	65
20140102	65
20140405	65
20140327	65
20140301	65
20140223	65
20140119	65
20140404	65
20140326	65
20140222	65
20140118	65
20140401	65
20140323	65
20140219	65
20140115	65
20140426	65
20140322	65
20140218	65
20140114	65
20140424	65
20140320	65
20140216	65
20140112	65
20140423	65
20140319	65
20140215	65
20140111	65
20140417	65
20140313	65
20140209	65
20140131	65
20140105	65
20140416	65
20140312	65
20140208	65
20140130	65
20140104	65
20140411	65
20140307	65
20140203	65
20140125	65
20140410	65
20140306	65
20140228	65
20140202	65
20140124	65
20140408	65
20140330	65
20140304	65
20140226	65
20140122	65
20140406	65
20140328	65
20140302	65
20140224	65
20140120	65
20140403	65
20140325	65
20140221	65
20140117	65
20140402	65
20140324	65
20140220	65
20140116	65
20140422	65
20140318	65
20140214	65
20140110	65
20140420	65
20140316	65
20140212	65
20140108	65
20140419	65
20140315	65
20140211	65
20140107	65
20140415	65
20140311	65
20140207	65
20140129	65
20140103	65
20140413	65
20140309	65
20140205	65
20140127	65
20140101	65
20140412	65
20140308	65
20140204	65
20140126	65
20140409	65
20140331	65
20140305	65
20140227	65
20140201	65
20140123	65
20140407	65
20140329	65
20140303	65
20140225	65
20140121	65
